00100000000011010000000000000000
10001101101010000000000000000000
00100000000010010000000000000000
00100000000011100000000000000100
10001101101010100000000000000100
00100000000010110000000000000000
00000001000010100110000000101010
00010101100000000000000000000100
00000001000010100100000000100010
00100001011010110000000000000001
00100001001010010000000000000001
00001000000000000000000000000110
10101101101010110000000000010100
10001101101010100000000000001000
00100000000010110000000000000000
00000001000010100110000000101010
00010101100000000000000000000100
00000001000010100100000000100010
00100001011010110000000000000001
00100001001010010000000000000001
00001000000000000000000000001111
10101101101010110000000000011000
10001101101010100000000000001100
00100000000010110000000000000000
00000001000010100110000000101010
00010101100000000000000000000100
00000001000010100100000000100010
00100001011010110000000000000001
00100001001010010000000000000001
00001000000000000000000000011000
10101101101010110000000000011100
10001101101010100000000000010000
00100000000010110000000000000000
00000001000010100110000000101010
00010101100000000000000000000100
00000001000010100100000000100010
00100001011010110000000000000001
00100001001010010000000000000001
00001000000000000000000000100001
10101101101010110000000000100000
10101101101010010000000000100100
00001000000000000000000000101001
